77969
3485
43857
61163
16329
71591
26696
2089
57299
27642
25590
13989
51330
37610
53305
48678
19580
63727
21641
49442
87206
60547
89790
35246
28537
77393
98490
16949
91190
41159
61428
69159
60996
5285
30322
77325
76876
57018
95766
34175
1013
37709
64516
52343
75319
34174
1021
94900
97901
39014
60694
85108
15913
66836
20354
44451
60581
35196
61400
51771
92707
22828
37283
53704
44465
83957
47381
21342
57328
59500
71869
74693
97209
52738
43388
72528
86912
60761
83780
84813
99775
44475
86273
32041
11311
22979
76492
71893
58175
54244
40016
67235
93425
77299
37291
37890
77609
84672
75584
34937
47454
25982
41381
16544
69370
30262
3456
30131
14042
88269
46258
74869
90895
78299
2533
13874
71143
74426
88402
25388
30794
71989
18813
24446
9280
56703
2055
93952
48640
53344
54477
96094
79326
12210
12638
65048
42472
32446
95179
72867
20715
57789
47736
27962
36089
50269
58189
7232
41047
46591
32620
71842
18580
67785
96288
44212
40841
14695
38164
89481
68039
8993
1927
63717
21204
30917
28765
80028
63363
40296
52895
430
98085
632
28393
50526
67253
86582
57759
8301
49525
6731
80143
84457
90869
92783
28669
31710
7478
83185
37543
91869
92179
39470
55586
29735
86739
703
26115
50102
79011
66884
71788
95995
95277
38667
63248
98211
12778
71549
64088
35861
68044
64897
26730
60827
9918
74792
68305
93104
12335
60174
1635
68157
32112
47722
54896
49167
73837
4998
22870
52848
71883
11011
48843
83512
49678
28444
98076
62456
99993
78516
98317
68038
43414
41400
45217
53332
16192
13523
62788
28528
90049
64423
96685
38514
12145
67934
4033
85983
89284
43256
55183
61167
54267
20379
61032
20297
48823
75460
82753
65168
53976
97422
49558
13742
38822
94776
67075
55015
24651
29863
99895
31052
10639
12932
69566
22784
80866
89952
25119
70151
33208
96655
47670
3827
17034
25054
24124
82209
6877
63729
70843
20651
13288
84585
59474
24416
51660
14489
49067
97876
14384
80119
8515
43668
66038
31299
24535
55990
72771
94686
5550
69426
42356
9377
2812
83763
49853
85021
84277
73082
65102
55120
93733
78390
39706
53207
2806
7718
84048
68225
5594
14784
48345
14109
58453
30735
61761
82988
86725
50884
94026
8627
20310
52734
34356
39474
36497
84209
40847
20775
73643
5949
92247
67376
84340
48305
36936
3498
56024
20984
71724
77970
35769
36421
8432
10574
67156
86545
93562
70233
37429
3940
78860
74091
56674
29568
13565
93172
30129
54412
30299
3772
60361
22546
71148
61053
87204
24436
