-4508
-7498
-7132
-7082
282
-802
-1804
-1599
-7776
-6559
-5250
-4460
-985
-9129
52
-8775
-6644
-1239
-6403
-1885
-2392
-7790
-4509
-1801
-5881
-8824
-6963
-2715
-1190
-8026
-3418
-3242
-1371
-7838
-451
-7246
-9058
-4334
575
-3149
-8198
-3436
-608
-4404
-643
416
-3584
-771
-5956
-6080
-2332
-3249
-7364
394
-6422
-4094
-3079
-1428
-1681
-8837
-8967
-3384
-6247
-5152
-8115
-9962
-6208
-6836
-8147
-2008
-7548
-7190
-6984
-9315
-9450
12
-573
-8263
-2879
-3023
-2649
-6440
-3198
-5780
-4071
-267
-7594
-7247
-4723
-1891
-9065
-6238
-8956
-810
-2620
-6181
-1171
-8125
-251
-67
-9046
-4589
-7086
-5217
-3397
-9629
-2340
-9100
-425
221
-1391
-2314
-7230
-4931
-8049
-449
-7274
-5086
-5523
-169
-5060
-3030
-8370
-8992
312
-6840
-3731
-1640
-297
-2440
-3864
-440
-5929
501
-3126
-4723
-2818
-1586
-4236
-5334
-4701
-4003
-5327
-3392
-3861
-1618
-3427
-3510
-585
-5807
-6677
-2194
-6283
-5034
-4006
-7091
-2895
-1138
-4736
-1847
-4716
-4618
-5876
-6147
-5137
-2469
-4482
-9308
-7442
-284
-4064
-6803
-2469
-3181
528
-9450
-3494
-2331
-5196
-4480
-2430
854
-4964
-1679
-6500
-7503
-3691
-6171
-5951
-6365
-2028
-8611
-6882
-8539
-6419
-410
-4321
-6114
-2362
-340
-8108
-8074
-5500
-958
-1597
-8170
-3785
-3145
-2073
-7745
-55
-1694
-2063
-7013
-3602
-8639
-8195
-2860
-9310
-6443
-2437
-1531
-3096
-889
-1360
-8014
-7492
-8143
-5165
22
-3859
-1180
-3331
-4399
846
-197
-7159
-2460
-4700
-8777
-2685
-3826
-4148
-8027
-2476
-8783
25
-6039
-1651
-3243
-5279
-7396
-2816
-6397
-6556
-6279
-8613
-6715
-6426
-6074
-3452
-9237
-1469
-8029
-3361
-1927
-2712
-4431
-2178
-6747
-3650
-5625
-8130
-3321
-2434
-3810
-1254
-608
-5972
-3844
-8557
-974
-9093
-1148
-585
-9006
-5920
-4795
-1324
-2606
-3863
-6643
-8111
-5488
112
-64
-2102
231
-1794
-7818
-7459
-5262
-8808
-4076
-8173
-1890
-7449
-5448
-7135
62
-915
-9171
-40
-5564
-8504
-3861
-504
-2341
819
-8444
-7451
-5037
-3866
-756
-8421
-5025
-345
-8001
-8135
-1218
-8243
-602
-1204
-2411
-7361
-2738
-5836
-3360
-5260
-8703
190
-7664
-3276
-4891
-2581
-6697
-7837
-3571
-4243
-6424
-5132
584
63
-8670
-4892
-2526
-6101
-3209
-3206
-8083
-7562
-4260
-4784
-8790
-6811
-7631
-9377
-910
-4175
-2808
-7952
-8474
-3524
-78
-7431
-6518
58
-4743
-1607
-1401
-44
-9009
-430
-7031
150
-8025
-1821
-2504
-4829
-6427
-8391
-1253
-2371
-1058
-825
-4693
-9491
-5289
-6973
-4526
-9159
-3275
-2049
-1678
-7009
-4139
-3346
-1382
-5740
-7344
-1547
-9139
-8091
-4607
-101
-1184
-5037
-5241
-8237
-2963
-6319
-8944
-6198
-2032
-3062
-8856
-8412
-4295
-5424
-864
-2388
-4081
-3857
-2862
-2889
-5988
-927
-6523
-2258
-8416
-5930
-4929
-2916
-9141
-2127
-2513
-5404
-6291
-2917
-3
-3627
-3015
-3924
-4680
-7091
-5500
-9016
-5010
-3654
-5272
-2509
-5296
-2028
-5822
-8037
601
-1169
-4219
-950
-5625
-6995
-1710
-4907
-2943
-8873
-2990
-3650
-6942
-169
-5622
-2589
-8222
-6435
-6850
-5339
-2723
-6953
-2697
-6154
-3069
-8208
-759
-3993
-1887
-4819
-8072
-1532
-8166
-2736
-3648
-843
-4409
-8804
-1655
-6747
-7336
-7782
-814
-3445
-1289
-8859
-2672
-6008
-6005
-2853
-3468
-6672
-492
-8336
-8433
-1870
-7686
-5160
-75
-8849
-4869
-1077
-8746
-9674
-1828
-2404
-1224
-7525
-2552
-9214
-2239
-4754
-8738
-7073
-2872
-7824
-4628
-3280
-2985
-2125
520
-7757
-4254
-4476
-2439
-1791
-2775
-3251
-4108
-7973
-3245
-3719
-9050
-4600
-7601
-7496
-1902
-9841
-9536
-4314
-5007
-653
-4298
-3295
-8579
-737
-1769
-4049
-5456
-5852
-4373
-5491
-7602
-3784
-5946
-3113
-6498
-2734
-5670
-4554
-2000
-4073
-4101
-3939
-6771
-1262
-3140
-7421
-5086
-2528
-7950
368
-55
-5948
-3100
-7622
-146
-1869
-8818
-1803
-5247
-6086
-3819
-6425
-63
-8584
-4595
-5813
-5287
-8022
-9263
-7486
-5341
-7007
-4460
-9453
-3227
-4743
-7045
-4599
-1121
-2769
-8752
-8661
-7992
-721
-5681
-663
-5211
-8533
-127
-3378
-1525
-8048
-936
-4328
-3830
-5070
-327
-1621
-4768
-221
-4903
-9471
-2554
-4434
-4342
-4683
-2932
-2087
-3026
-9574
-8159
505
-3080
-2806
-7811
-9944
-7912
-1477
-770
-1795
-722
-4629
-6857
-4818
-8131
-443
-6390
-3777
297
-4965
-7259
-7877
-6972
-4284
-5913
-6855
-5557
-3641
-6200
-3002
148
-8621
-1680
289
-3628
-2897
-7233
-3706
-1776
-6299
-3774
-8675
-3286
-2450
-7775
-7816
-6192
-9220
166
-4606
-2255
-1349
-925
-8045
-6397
-4741
-6144
-3853
-9084
-9268
-8050
-5837
-8520
-761
-8340
-9168
-519
-6731
-3221
-7144
-415
-8788
-5007
-8989
-5241
-5301
-2988
-8181
-547
-4214
-8310
222
-6197
-6272
-2581
-8036
346
-3554
-1818
-3104
-8447
-7350
-6543
-4295
527
-2624
-540
-3612
-1207
494
-8653
-7839
-7718
-7320
-8936
-5242
-5828
-3819
-2771
-3460
-4624
-4029
-6135
-8901
-2525
-5835
-3596
164
-2714
503
-5579
-6682
-8276
-3778
-1967
-941
-971
-3051
-1257
-1800
-7655
-5663
-4956
-1212
-1655
-3673
-3096
-2290
-4208
-68
-4602
-2063
-978
970
-4363
-6721
-3112
-8268
-531
-7443
-3540
-7069
-9119
-4658
-3426
-4502
-9734
-6953
-5680
-6298
-1813
-6060
-8052
-3698
-807
-5768
-3553
-7632
-196
-5703
-4663
-9298
-771
-2108
-6587
-3141
-426
-8325
-1176
-1061
-1812
318
-7018
-741
-1547
-4835
-650
-8255
-4738
-4520
-6770
-4724
-5510
-9027
-9072
-6669
-5269
-3248
-2311
-4500
-9434
-4421
-2117
-9503
-7391
-1179
316
-5063
-6599
120
119
-3554
102
-2436
208
-5772
81
-2661
-7868
-2540
-539
-7773
-8269
-3417
-8277
-3539
-6846
-7307
-2896
-2954
-327
-4913
-6919
-932
-4737
-1696
-1543
-2499
-2656
-1329
-6862
-6739
-609
-6747
-8790
-192
-5780
-7364
-7679
217
-6121
-1045
-5299
-4772
-3461
-3888
-6969
-677
-9025
-6083
-5125
-7933
-5380
-6900
-8594
-178
-7161
-7378
-8119
-5063
-3251
-549
-7578
-2150
-7298
-2771
-1155
-5975
-1001
-4945
-3910
-6014
-9697
-7530
-3190
-4395
-5896
-13
-9522
-3782
-7044
-6594
-5553
-8733
203
-7502
-5800
-2425
-8204
-7312
-6901
-7539
-3650
-4272
-7363
-7344
-2903
-5957
-4508
-9011
-7367
-1011
-1676
-5312
-2392
-4274
-1980
-4386
-7013
-2154
-4360
-2135
-1084
-9071
-8134
751
-3594
-6317
-6345
-2800
-8254
-6030
-239
-217
-2427
-5982
-8870
-4403
-560
-5897
-4204
-8196
-4407
-1070
-6494
-3489
-2295
-6632
-2935
-7788
-6220
-2502
-8534
-6395
-1027
-2789
-5439
-6383
-4850
-8246
-6323
-8093
-8902
-2801
-4925
-7904
-2654
-1235
-5311
-8283
-1571
-5922
-6057
-4504
-8758
-603
-3133
-1699
-6422
-5576
-2737
-1141
-2182
-4580
-8654
-1832
-8287
-1234
-8060
-8603
-3487
-8547
-5552
-2654
-1394
-1969
-3006
-4523
-486
-681
-5318
-2717
-1563
-7653
-3688
-3088
-4462
-443
-8529
-9283
-9326
-3350
-8714
-2521
-4327
-4692
-3362
-7601
-5359
-7547
-509
-8574
-6270
-2633
-465
-3017
-6519
-6124
-1592
-1433
-6846
-3211
-7534
-2780
-4066
-5292
-5962
-1194
-882
-3677
258
-5139
585
505
-1612
-4222
-2054
-5962
-2597
-5481
-4069
-3886
-8991
-5614
-2907
-5573
662
-4911
-6327
-4407
-334
-396
-4413
-4976
-3747
-1323
-5582
-2199
-4642
-2447
-7808
-1550
-5732
-898
-8866
-1349
-1934
-8235
-8751
-1006
-7021
-4667
-2242
-5176
-5382
-4783
-2289
-6983
-441
-1432
-834
-1506
-2174
-8115
-6305
-7422
-6153
-4576
342
-278
-4021
-4878
-7042
-9980
-4390
-790
-8192
-639
-7037
-8289
-4874
-4963
-2152
-4421
-7291
-4850
-4760
-2272
-2940
-3637
-7663
-5201
-722
-3221
-7945
-5101
-2573
-8550
-4308
-5535
-5671
-207
-4465
-6585
-8083
-3734
-8000
-4600
-8127
-834
-4683
-6245
-3999
-630
-5415
-202
449
-5869
-3593
-5773
-3380
-421
-5443
-4455
-8194
-6644
-3871
-8781
-2035
-7825
-4929
-5536
-9788
-2848
-5211
-1704
-4777
-7620
-6146
-6790
-9659
-5217
-8025
-9048
-3761
-4511
-5252
